x <- list(1,2,3,4)
x[[2]] <- NULL
x <- x[-2] 
x

x <- list('A' , 'B' , 'C' , 12 , 13, c(11,22,33,44))

x[[2]] <- 'DD' 
x[1] <- 'AA'

x[[6]][4] <- 0
x
