
x = 5

y = c(1,2,3,4,5)
y

z <- c(10,20,30,40) 
z

## hatal覺 Kullan覺m
c(10,20,30,40) <- z


t <- c("A" , 'D' , 'F' , "D")
t


e <- c("A" , "B" , 2,3,4, "D")
e


# Hatal覺 kullan覺m 
c(34,45, , 45,67)

