
5 == 5
5 == 10

x <- c(23,45,67,89,23,14,25)
 

x == 45

x > 23
x >= 23

x < 23
x <= 23
x != 23



x[x == 23]
x[x > 23]
x

buyuktur <- x[x > 23]
buyuktur

x[x < 23]
x[ x != 23]
x[ x <= 23]
x[ x >= 23]


